Iris Winnow Model 
Iris-setosa [1.5, 0.6666666666666666, 1.5, 1.5]
Iris-versicolor [0.6666666666666666, 0.6666666666666666, 0.6666666666666666, 0.6666666666666666]
Iris-virginica [1.5, 1.5, 1.5, 1.5]

Iris Naive Bayes Model 
Iris-setosa {'P(C)': 0.3523809523809524, 'P(Fi=1|C)': [2.6315789473684212e-05, 0.8158157894736843, 2.6315789473684212e-05, 2.6315789473684212e-05]}
Iris-virginica {'P(C)': 0.3238095238095238, 'P(Fi=1|C)': [0.8571714285714286, 0.3143142857142857, 0.9714571428571428, 0.9714571428571428]}
Iris-versicolor {'P(C)': 0.3238095238095238, 'P(Fi=1|C)': [0.5143142857142857, 0.11431428571428573, 0.8000285714285714, 0.7714571428571428]}

Glass Winnow Model 
1 [0.6666666666666666, 0.6666666666666666, 0.6666666666666666, 0.6666666666666666, 0.6666666666666666, 0.6666666666666666, 0.6666666666666666, 0.6666666666666666, 0.6666666666666666]
2 [1.5, 1.5, 1.5, 1.5, 1.5, 1.5, 1.5, 1.5, 1.5]
3 [1.5, 1.5, 1.5, 1.5, 1.5, 1.5, 1.5, 1.5, 1.5]
5 [1.5, 1.5, 1.5, 1.5, 1.5, 1.5, 1.5, 1.5, 1.5]
6 [1.5, 1.5, 1.5, 1.5, 1.5, 1.5, 1.5, 1.5, 1.5]
7 [1.5, 1.5, 1.5, 1.5, 1.5, 1.5, 1.5, 1.5, 1.5]

Glass Naive Bayes Model 
1 {'P(C)': 0.34, 'P(Fi=1|C)': [0.4423269230769231, 0.34617307692307697, 0.9807884615384614, 0.05771153846153846, 0.5384807692307693, 0.6346346153846153, 0.34617307692307697, 0.019249999999999996, 0.3077115384615385]}
2 {'P(C)': 0.32666666666666666, 'P(Fi=1|C)': [0.28002, 0.28002, 0.82002, 0.52002, 0.58002, 0.70002, 0.24001999999999998, 0.020019999999999996, 0.44002]}
7 {'P(C)': 0.12666666666666668, 'P(Fi=1|C)': [0.15005, 0.90005, 0.15005, 0.8500500000000001, 0.8500500000000001, 0.20005, 0.25005, 0.8500500000000001, 0.10005]}
3 {'P(C)': 0.1, 'P(Fi=1|C)': [0.2500625, 0.5000625, 0.9375625, 0.1875625, 0.3750625, 0.5625625, 0.2500625, 6.25e-05, 0.3125625]}
5 {'P(C)': 0.07333333333333333, 'P(Fi=1|C)': [0.5834166666666667, 0.16674999999999998, 8.333333333333333e-05, 0.8334166666666666, 0.41675, 0.5834166666666667, 0.66675, 0.16674999999999998, 0.16674999999999998]}
6 {'P(C)': 0.03333333333333333, 'P(Fi=1|C)': [0.6668333333333334, 0.8335, 0.00016666666666666666, 0.6668333333333334, 0.5001666666666666, 0.00016666666666666666, 0.6668333333333334, 0.00016666666666666666, 0.00016666666666666666]}

House Winnow Model 
republican [1.5, 1.5, 1.5, 1.5, 1.5, 1.5, 1.5, 1.5, 1.5, 1.5, 1.5, 1.5, 1.5, 1.5, 1.5, 1.5]
democrat [1.5, 1.5, 1.5, 1.5, 1.5, 1.5, 1.5, 1.5, 1.5, 1.5, 1.5, 1.5, 1.5, 1.5, 1.5, 1.5]

House Naive Bayes Model 
democrat {'P(C)': 0.6032786885245902, 'P(Fi=1|C)': [0.6000054054054055, 0.5243297297297298, 0.9081135135135135, 0.04865405405405405, 0.24865405405405405, 0.4810864864864865, 0.7946, 0.8270324324324324, 0.8000054054054054, 0.4973027027027027, 0.4756810810810811, 0.11892432432432433, 0.32432972972972973, 0.367572972972973, 0.6108162162162163, 0.9513567567567568]}
republican {'P(C)': 0.39672131147540984, 'P(Fi=1|C)': [0.15574590163934426, 0.5573852459016394, 0.15574590163934426, 0.9590245901639345, 0.9344344262295082, 0.9016475409836066, 0.2541065573770492, 0.20492622950819672, 0.12295901639344262, 0.5737786885245902, 0.12295901639344262, 0.7868934426229509, 0.8524672131147542, 0.9672213114754099, 0.08197540983606556, 0.7049262295081967]}

Cancer Winnow Model 
2 [0.6666666666666666, 0.6666666666666666, 0.6666666666666666, 1.5, 1.5, 0.6666666666666666, 1.5, 0.6666666666666666, 0.6666666666666666]
4 [1.5, 1.5, 1.5, 1.5, 1.5, 1.5, 0.6666666666666666, 1.5, 1.5]

Cancer Naive Bayes Model 
2 {'P(C)': 0.6584867075664622, 'P(Fi=1|C)': [0.23529721362229103, 0.02786687306501548, 0.049538699690402484, 0.09907430340557274, 0.04334674922600619, 0.04334674922600619, 0.04334674922600619, 0.06192260061919505, 0.024770897832817336]}
4 {'P(C)': 0.34151329243353784, 'P(Fi=1|C)': [0.8631011904761905, 0.8571488095238096, 0.8571488095238096, 0.803577380952381, 0.7559583333333334, 0.8511964285714286, 0.8154821428571429, 0.8154821428571429, 0.4166726190476191]}

Soybean Winnow Model 
D1 [1.5, 1.5, 1.5, 1.5, 1.5, 1.5, 1.5, 1.5, 1.5, 1.5, 1, 1.5, 1, 1, 1, 1, 1, 1, 1, 1.5, 1.5, 1.5, 1, 1.5, 1.5, 1.5, 1.5, 1.5, 1, 1, 1, 1, 1, 1, 1.5]
D2 [1.5, 1.5, 1.5, 1.5, 1.5, 1.5, 1.5, 1.5, 1.5, 1.5, 1, 1.5, 1, 1, 1, 1, 1, 1, 1, 1.5, 1.5, 1.5, 1.5, 1.5, 1.5, 1, 1, 1.5, 1, 1, 1, 1, 1, 1, 1.5]
D3 [1.5, 1.5, 1.5, 1.5, 1.5, 1.5, 1.5, 1.5, 1.5, 1.5, 1, 1.5, 1, 1, 1, 1, 1, 1, 1, 1.5, 1.5, 1.5, 1.5, 1.5, 1, 1.5, 1.5, 1.5, 1, 1, 1, 1, 1, 1, 1.5]
D4 [1.5, 1.5, 1.5, 1.5, 1.5, 1.5, 1.5, 1.5, 1.5, 1.5, 1, 1.5, 1, 1, 1, 1, 1, 1, 1, 1.5, 1.5, 1.5, 1.5, 1.5, 1.5, 1.5, 1.5, 1.5, 1, 1, 1, 1, 1, 1, 1.5]

Soybean Naive Bayes Model 
D4 {'P(C)': 0.3333333333333333, 'P(Fi=1|C)': [0.16674999999999998, 0.91675, 0.5834166666666667, 0.5000833333333333, 0.2500833333333333, 0.5834166666666667, 0.08341666666666665, 0.66675, 0.5834166666666667, 0.2500833333333333, 8.333333333333333e-05, 0.91675, 8.333333333333333e-05, 8.333333333333333e-05, 8.333333333333333e-05, 8.333333333333333e-05, 8.333333333333333e-05, 8.333333333333333e-05, 8.333333333333333e-05, 0.08341666666666665, 0.5834166666666667, 0.91675, 8.333333333333333e-05, 0.2500833333333333, 8.333333333333333e-05, 8.333333333333333e-05, 8.333333333333333e-05, 0.91675, 8.333333333333333e-05, 8.333333333333333e-05, 8.333333333333333e-05, 8.333333333333333e-05, 8.333333333333333e-05, 8.333333333333333e-05, 0.91675]}
D3 {'P(C)': 0.24242424242424243, 'P(Fi=1|C)': [0.11122222222222221, 0.777888888888889, 0.8889999999999999, 0.00011111111111111112, 0.11122222222222221, 0.4445555555555556, 0.00011111111111111112, 0.33344444444444443, 0.4445555555555556, 0.33344444444444443, 0.00011111111111111112, 0.00011111111111111112, 0.00011111111111111112, 0.00011111111111111112, 0.00011111111111111112, 0.00011111111111111112, 0.00011111111111111112, 0.00011111111111111112, 0.00011111111111111112, 0.11122222222222221, 0.00011111111111111112, 0.00011111111111111112, 0.00011111111111111112, 0.8889999999999999, 0.33344444444444443, 0.00011111111111111112, 0.00011111111111111112, 0.8889999999999999, 0.00011111111111111112, 0.00011111111111111112, 0.00011111111111111112, 0.00011111111111111112, 0.00011111111111111112, 0.00011111111111111112, 0.11122222222222221]}
D1 {'P(C)': 0.24242424242424243, 'P(Fi=1|C)': [0.8889999999999999, 0.00011111111111111112, 0.8889999999999999, 0.8889999999999999, 0.11122222222222221, 0.4445555555555556, 0.00011111111111111112, 0.22233333333333333, 0.33344444444444443, 0.4445555555555556, 0.00011111111111111112, 0.8889999999999999, 0.00011111111111111112, 0.00011111111111111112, 0.00011111111111111112, 0.00011111111111111112, 0.00011111111111111112, 0.00011111111111111112, 0.00011111111111111112, 0.33344444444444443, 0.8889999999999999, 0.00011111111111111112, 0.8889999999999999, 0.8889999999999999, 0.00011111111111111112, 0.00011111111111111112, 0.00011111111111111112, 0.00011111111111111112, 0.00011111111111111112, 0.00011111111111111112, 0.00011111111111111112, 0.00011111111111111112, 0.00011111111111111112, 0.00011111111111111112, 0.00011111111111111112]}
D2 {'P(C)': 0.18181818181818182, 'P(Fi=1|C)': [0.8572857142857143, 0.00014285714285714287, 0.00014285714285714287, 0.8572857142857143, 0.5715714285714286, 0.28585714285714287, 0.8572857142857143, 0.00014285714285714287, 0.4287142857142857, 0.28585714285714287, 0.00014285714285714287, 0.8572857142857143, 0.00014285714285714287, 0.00014285714285714287, 0.00014285714285714287, 0.00014285714285714287, 0.00014285714285714287, 0.00014285714285714287, 0.00014285714285714287, 0.4287142857142857, 0.00014285714285714287, 0.8572857142857143, 0.00014285714285714287, 0.00014285714285714287, 0.00014285714285714287, 0.8572857142857143, 0.8572857142857143, 0.00014285714285714287, 0.00014285714285714287, 0.00014285714285714287, 0.00014285714285714287, 0.00014285714285714287, 0.00014285714285714287, 0.00014285714285714287, 0.00014285714285714287]}

